------- BEAMDYN V1.00.* INDIVIDUAL BLADE INPUT FILE --------------------------
Generated with AeroElasticSE FAST driver
---------------------- BLADE PARAMETERS --------------------------------------
30                     station_total - Number of blade input stations (-)
1                      damp_type   - Damping type: 0: no damping; 1: damped
---------------------- DAMPING COEFFICIENT------------------------------------
    mu1         mu2         mu3         mu4         mu5         mu6    
    (-)         (-)         (-)         (-)         (-)         (-)    
  0.00405     0.00321     0.00014     0.00321     0.00405     0.00014
---------------------- DISTRIBUTED PROPERTIES---------------------------------
 0.000000000000000e+00
 7.678774503590069e+09 -1.097758811715333e+02  0.000000000000000e+00  0.000000000000000e+00  0.000000000000000e+00 -1.536940325968801e+04
-1.097758811715333e+02  7.679418357639956e+09  0.000000000000000e+00  0.000000000000000e+00  0.000000000000000e+00  5.165256729241776e+01
 0.000000000000000e+00  0.000000000000000e+00  5.249256699888297e+10  5.006337197628499e+05  2.148067464398716e+03  0.000000000000000e+00
 0.000000000000000e+00  0.000000000000000e+00  5.006337197628499e+05  2.128588130731547e+11  6.104979111130726e+03  0.000000000000000e+00
 0.000000000000000e+00  0.000000000000000e+00  2.148067464398716e+03  6.104979111130726e+03  2.128571696406389e+11  0.000000000000000e+00
-1.536940325968801e+04  5.165256729241776e+01  0.000000000000000e+00  0.000000000000000e+00  0.000000000000000e+00  1.244740993296971e+11

 3.618706445227680e+03  6.033385649114903e-30  0.000000000000000e+00  0.000000000000000e+00  0.000000000000000e+00 -3.141290968819010e-02
 6.033385649114903e-30  3.618706445227680e+03  0.000000000000000e+00  0.000000000000000e+00  0.000000000000000e+00 -1.041455558721280e-04
 0.000000000000000e+00  0.000000000000000e+00  3.618706445227680e+03  3.141290968819010e-02  1.041455558721280e-04  0.000000000000000e+00
 0.000000000000000e+00  0.000000000000000e+00  3.141290968819010e-02  1.467506292041072e+04  4.020277459044823e-04  0.000000000000000e+00
 0.000000000000000e+00  0.000000000000000e+00  1.041455558721280e-04  4.020277459044823e-04  1.467496524330899e+04  0.000000000000000e+00
-3.141290968819010e-02 -1.041455558721280e-04  0.000000000000000e+00  0.000000000000000e+00  0.000000000000000e+00  2.935002816371971e+04

 2.000000000000000e-02
 7.734116813022843e+09  1.077113119770761e+07  0.000000000000000e+00  0.000000000000000e+00  0.000000000000000e+00 -1.141997522801859e+08
 1.077113119770761e+07  7.772889037190845e+09  0.000000000000000e+00  0.000000000000000e+00  0.000000000000000e+00  1.949497818499179e+07
 0.000000000000000e+00  0.000000000000000e+00  5.305573196137144e+10  8.623818046257994e+08 -1.325836423965494e+08  0.000000000000000e+00
 0.000000000000000e+00  0.000000000000000e+00  8.623818046257994e+08  2.201084981360245e+11 -3.065969343393279e+08  0.000000000000000e+00
 0.000000000000000e+00  0.000000000000000e+00 -1.325836423965494e+08 -3.065969343393279e+08  2.180692688645565e+11  0.000000000000000e+00
-1.141997522801859e+08  1.949497818499179e+07  0.000000000000000e+00  0.000000000000000e+00  0.000000000000000e+00  1.279735074343279e+11

 3.655842067851577e+03  4.587718400387965e-32  0.000000000000000e+00  0.000000000000000e+00  0.000000000000000e+00 -5.626226888721406e+01
 4.587718400387965e-32  3.655842067851577e+03  0.000000000000000e+00  0.000000000000000e+00  0.000000000000000e+00  9.137413414321847e+00
 0.000000000000000e+00  0.000000000000000e+00  3.655842067851577e+03  5.626226888721406e+01 -9.137413414321847e+00  0.000000000000000e+00
 0.000000000000000e+00  0.000000000000000e+00  5.626226888721406e+01  1.516063833088620e+04 -2.112299103747312e+01  0.000000000000000e+00
 0.000000000000000e+00  0.000000000000000e+00 -9.137413414321847e+00 -2.112299103747312e+01  1.503428058977825e+04  0.000000000000000e+00
-5.626226888721406e+01  9.137413414321847e+00  0.000000000000000e+00  0.000000000000000e+00  0.000000000000000e+00  3.019491892066445e+04

 5.000000000000000e-02
 3.078769103604341e+09  1.293367693621916e+08  0.000000000000000e+00  0.000000000000000e+00  0.000000000000000e+00  1.399128064844820e+08
 1.293367693621916e+08  3.160425495951719e+09  0.000000000000000e+00  0.000000000000000e+00  0.000000000000000e+00  4.265117506183658e+08
 0.000000000000000e+00  0.000000000000000e+00  3.255326972265472e+10  2.242580406320988e+09 -4.223107461897704e+09  0.000000000000000e+00
 0.000000000000000e+00  0.000000000000000e+00  2.242580406320988e+09  1.094481530197330e+11 -1.091080370588527e+10  0.000000000000000e+00
 0.000000000000000e+00  0.000000000000000e+00 -4.223107461897704e+09 -1.091080370588527e+10  1.528930665756654e+11  0.000000000000000e+00
 1.399128064844820e+08  4.265117506183658e+08  0.000000000000000e+00  0.000000000000000e+00  0.000000000000000e+00  4.465256877791989e+10

 1.658482606108144e+03  8.638421014519617e-31  0.000000000000000e+00  0.000000000000000e+00  0.000000000000000e+00 -3.150765862650296e+02
 8.638421014519617e-31  1.658482606108144e+03  0.000000000000000e+00  0.000000000000000e+00  0.000000000000000e+00  4.740819886142763e+01
 0.000000000000000e+00  0.000000000000000e+00  1.658482606108144e+03  3.150765862650296e+02 -4.740819886142763e+01  0.000000000000000e+00
 0.000000000000000e+00  0.000000000000000e+00  3.150765862650296e+02  7.066273794670441e+03 -2.638986052677612e+02  0.000000000000000e+00
 0.000000000000000e+00  0.000000000000000e+00 -4.740819886142763e+01 -2.638986052677612e+02  5.884550828528308e+03  0.000000000000000e+00
-3.150765862650296e+02  4.740819886142763e+01  0.000000000000000e+00  0.000000000000000e+00  0.000000000000000e+00  1.295082462319875e+04

 8.749999999999999e-02
 1.368694572654009e+09  9.630505832771938e+07  0.000000000000000e+00  0.000000000000000e+00  0.000000000000000e+00  2.948555425314039e+06
 9.630505832771938e+07  1.399946533203207e+09  0.000000000000000e+00  0.000000000000000e+00  0.000000000000000e+00  3.483683397205460e+08
 0.000000000000000e+00  0.000000000000000e+00  3.028490072488034e+10  1.089819207673685e+10 -2.870217391872246e+09  0.000000000000000e+00
 0.000000000000000e+00  0.000000000000000e+00  1.089819207673685e+10  1.069088940600709e+11 -1.118890104694450e+10  0.000000000000000e+00
 0.000000000000000e+00  0.000000000000000e+00 -2.870217391872246e+09 -1.118890104694450e+10  1.103790552250977e+11  0.000000000000000e+00
 2.948555425314039e+06  3.483683397205460e+08  0.000000000000000e+00  0.000000000000000e+00  0.000000000000000e+00  1.593804205838060e+10

 1.178737566391882e+03  2.829864328416266e-30  0.000000000000000e+00  0.000000000000000e+00  0.000000000000000e+00 -7.931476742185298e+02
 2.829864328416266e-30  1.178737566391882e+03  0.000000000000000e+00  0.000000000000000e+00  0.000000000000000e+00  4.211135580405293e+01
 0.000000000000000e+00  0.000000000000000e+00  1.178737566391882e+03  7.931476742185298e+02 -4.211135580405293e+01  0.000000000000000e+00
 0.000000000000000e+00  0.000000000000000e+00  7.931476742185298e+02  6.211038096733700e+03 -2.232143278630371e+02  0.000000000000000e+00
 0.000000000000000e+00  0.000000000000000e+00 -4.211135580405293e+01 -2.232143278630371e+02  2.880904673913263e+03  0.000000000000000e+00
-7.931476742185298e+02  4.211135580405293e+01  0.000000000000000e+00  0.000000000000000e+00  0.000000000000000e+00  9.091942770646961e+03

 1.250000000000000e-01
 7.030566621172349e+08  6.748849382858984e+07  0.000000000000000e+00  0.000000000000000e+00  0.000000000000000e+00  6.826140698371160e+07
 6.748849382858984e+07  6.922093451589515e+08  0.000000000000000e+00  0.000000000000000e+00  0.000000000000000e+00  8.169442306355640e+07
 0.000000000000000e+00  0.000000000000000e+00  2.809190537531993e+10  6.280517752760842e+09 -1.932963022340530e+09  0.000000000000000e+00
 0.000000000000000e+00  0.000000000000000e+00  6.280517752760842e+09  8.747470074791621e+10 -6.969287179721622e+09  0.000000000000000e+00
 0.000000000000000e+00  0.000000000000000e+00 -1.932963022340530e+09 -6.969287179721622e+09  6.605199931965791e+10  0.000000000000000e+00
 6.826140698371160e+07  8.169442306355640e+07  0.000000000000000e+00  0.000000000000000e+00  0.000000000000000e+00  5.761522111000309e+09

 8.650885697963040e+02 -8.740246452859688e-31  0.000000000000000e+00  0.000000000000000e+00  0.000000000000000e+00 -6.791658204072510e+02
-8.740246452859688e-31  8.650885697963040e+02  0.000000000000000e+00  0.000000000000000e+00  0.000000000000000e+00  1.609337280801927e+01
 0.000000000000000e+00  0.000000000000000e+00  8.650885697963040e+02  6.791658204072510e+02 -1.609337280801927e+01  0.000000000000000e+00
 0.000000000000000e+00  0.000000000000000e+00  6.791658204072510e+02  4.721869760095195e+03 -1.262232804071909e+02  0.000000000000000e+00
 0.000000000000000e+00  0.000000000000000e+00 -1.609337280801927e+01 -1.262232804071909e+02  1.361040757908494e+03  0.000000000000000e+00
-6.791658204072510e+02  1.609337280801927e+01  0.000000000000000e+00  0.000000000000000e+00  0.000000000000000e+00  6.082910518003689e+03

 1.625000000000000e-01
 5.303273448362105e+08  5.189041583057299e+07  0.000000000000000e+00  0.000000000000000e+00  0.000000000000000e+00  1.877056546172998e+08
 5.189041583057299e+07  7.155735646790254e+08  0.000000000000000e+00  0.000000000000000e+00  0.000000000000000e+00  1.035019796460097e+08
 0.000000000000000e+00  0.000000000000000e+00  2.768853661532763e+10  1.520842142152505e+09 -1.814857610780972e+09  0.000000000000000e+00
 0.000000000000000e+00  0.000000000000000e+00  1.520842142152505e+09  7.229613695329968e+10 -4.951755524465672e+09  0.000000000000000e+00
 0.000000000000000e+00  0.000000000000000e+00 -1.814857610780972e+09 -4.951755524465672e+09  4.443130290698004e+10  0.000000000000000e+00
 1.877056546172998e+08  1.035019796460097e+08  0.000000000000000e+00  0.000000000000000e+00  0.000000000000000e+00  3.454409733244733e+09

 7.840007021686431e+02 -7.741597856782369e-31  0.000000000000000e+00  0.000000000000000e+00  0.000000000000000e+00 -5.091443891257230e+02
-7.741597856782369e-31  7.840007021686431e+02  0.000000000000000e+00  0.000000000000000e+00  0.000000000000000e+00  3.620022090157738e+01
 0.000000000000000e+00  0.000000000000000e+00  7.840007021686431e+02  5.091443891257230e+02 -3.620022090157738e+01  0.000000000000000e+00
 0.000000000000000e+00  0.000000000000000e+00  5.091443891257230e+02  3.943168473181157e+03 -1.186315932860589e+02  0.000000000000000e+00
 0.000000000000000e+00  0.000000000000000e+00 -3.620022090157738e+01 -1.186315932860589e+02  8.278306456239713e+02  0.000000000000000e+00
-5.091443891257230e+02  3.620022090157738e+01  0.000000000000000e+00  0.000000000000000e+00  0.000000000000000e+00  4.770999118805128e+03

 2.000000000000000e-01
 4.595097823482838e+08  4.056871586287004e+07  0.000000000000000e+00  0.000000000000000e+00  0.000000000000000e+00  2.048526818042488e+08
 4.056871586287004e+07  7.002896874859669e+08  0.000000000000000e+00  0.000000000000000e+00  0.000000000000000e+00  8.145610134957278e+07
 0.000000000000000e+00  0.000000000000000e+00  2.741530762677963e+10 -1.481777846709517e+09 -1.197600693994847e+09  0.000000000000000e+00
 0.000000000000000e+00  0.000000000000000e+00 -1.481777846709517e+09  5.917187372716312e+10 -3.611708916537502e+09  0.000000000000000e+00
 0.000000000000000e+00  0.000000000000000e+00 -1.197600693994847e+09 -3.611708916537502e+09  3.602152127765329e+10  0.000000000000000e+00
 2.048526818042488e+08  8.145610134957278e+07  0.000000000000000e+00  0.000000000000000e+00  0.000000000000000e+00  2.487545030505514e+09

 7.290184994685524e+02 -1.562914808823956e-30  0.000000000000000e+00  0.000000000000000e+00  0.000000000000000e+00 -4.052405648036420e+02
-1.562914808823956e-30  7.290184994685524e+02  0.000000000000000e+00  0.000000000000000e+00  0.000000000000000e+00  2.894550874878345e+01
 0.000000000000000e+00  0.000000000000000e+00  7.290184994685524e+02  4.052405648036420e+02 -2.894550874878345e+01  0.000000000000000e+00
 0.000000000000000e+00  0.000000000000000e+00  4.052405648036420e+02  3.285137286716779e+03 -1.069074381288240e+02  0.000000000000000e+00
 0.000000000000000e+00  0.000000000000000e+00 -2.894550874878345e+01 -1.069074381288240e+02  6.307475327272830e+02  0.000000000000000e+00
-4.052405648036420e+02  2.894550874878345e+01  0.000000000000000e+00  0.000000000000000e+00  0.000000000000000e+00  3.915884819444062e+03

 2.375000000000000e-01
 4.101825802677711e+08  2.523397341975090e+07  0.000000000000000e+00  0.000000000000000e+00  0.000000000000000e+00  1.795917618042175e+08
 2.523397341975090e+07  6.867639362646387e+08  0.000000000000000e+00  0.000000000000000e+00  0.000000000000000e+00  7.673901988680153e+07
 0.000000000000000e+00  0.000000000000000e+00  2.714537156868760e+10 -1.300327175849324e+09 -9.637444367422478e+08  0.000000000000000e+00
 0.000000000000000e+00  0.000000000000000e+00 -1.300327175849324e+09  5.679400676929731e+10 -2.095113369352101e+09  0.000000000000000e+00
 0.000000000000000e+00  0.000000000000000e+00 -9.637444367422478e+08 -2.095113369352101e+09  2.922671570824725e+10  0.000000000000000e+00
 1.795917618042175e+08  7.673901988680153e+07  0.000000000000000e+00  0.000000000000000e+00  0.000000000000000e+00  1.999507733524382e+09

 6.995661567302120e+02 -1.017955643386984e-30  0.000000000000000e+00  0.000000000000000e+00  0.000000000000000e+00 -4.278408306267270e+02
-1.017955643386984e-30  6.995661567302120e+02  0.000000000000000e+00  0.000000000000000e+00  0.000000000000000e+00  2.616483357676961e+01
 0.000000000000000e+00  0.000000000000000e+00  6.995661567302120e+02  4.278408306267270e+02 -2.616483357676961e+01  0.000000000000000e+00
 0.000000000000000e+00  0.000000000000000e+00  4.278408306267270e+02  3.123519036687911e+03 -8.533860463851067e+01  0.000000000000000e+00
 0.000000000000000e+00  0.000000000000000e+00 -2.616483357676961e+01 -8.533860463851067e+01  4.998192005705372e+02  0.000000000000000e+00
-4.278408306267270e+02  2.616483357676961e+01  0.000000000000000e+00  0.000000000000000e+00  0.000000000000000e+00  3.623338237258449e+03

 2.750000000000000e-01
 3.866091347347034e+08  1.762268035175040e+07  0.000000000000000e+00  0.000000000000000e+00  0.000000000000000e+00  1.682647203848627e+08
 1.762268035175040e+07  6.689852659321624e+08  0.000000000000000e+00  0.000000000000000e+00  0.000000000000000e+00  6.469599538392852e+07
 0.000000000000000e+00  0.000000000000000e+00  2.660718361377612e+10 -1.988402888347441e+09 -7.558704293889178e+08  0.000000000000000e+00
 0.000000000000000e+00  0.000000000000000e+00 -1.988402888347441e+09  5.065097659269670e+10 -1.365533933976669e+09  0.000000000000000e+00
 0.000000000000000e+00  0.000000000000000e+00 -7.558704293889178e+08 -1.365533933976669e+09  2.582662230466933e+10  0.000000000000000e+00
 1.682647203848627e+08  6.469599538392852e+07  0.000000000000000e+00  0.000000000000000e+00  0.000000000000000e+00  1.756572075722259e+09

 6.677864255712834e+02  9.846497635952630e-31  0.000000000000000e+00  0.000000000000000e+00  0.000000000000000e+00 -3.888419442977423e+02
 9.846497635952630e-31  6.677864255712834e+02  0.000000000000000e+00  0.000000000000000e+00  0.000000000000000e+00  2.186474314034394e+01
 0.000000000000000e+00  0.000000000000000e+00  6.677864255712834e+02  3.888419442977423e+02 -2.186474314034394e+01  0.000000000000000e+00
 0.000000000000000e+00  0.000000000000000e+00  3.888419442977423e+02  2.762125853331145e+03 -7.006457656232730e+01  0.000000000000000e+00
 0.000000000000000e+00  0.000000000000000e+00 -2.186474314034394e+01 -7.006457656232730e+01  4.348426060085867e+02  0.000000000000000e+00
-3.888419442977423e+02  2.186474314034394e+01  0.000000000000000e+00  0.000000000000000e+00  0.000000000000000e+00  3.196968459339732e+03

 3.125000000000000e-01
 3.608502295341913e+08  1.226169636806190e+07  0.000000000000000e+00  0.000000000000000e+00  0.000000000000000e+00  1.605375981050071e+08
 1.226169636806190e+07  6.477848271796325e+08  0.000000000000000e+00  0.000000000000000e+00  0.000000000000000e+00  5.502701546182249e+07
 0.000000000000000e+00  0.000000000000000e+00  2.598642065043534e+10 -2.937213821872295e+09 -5.830037313812015e+08  0.000000000000000e+00
 0.000000000000000e+00  0.000000000000000e+00 -2.937213821872295e+09  4.352961146886290e+10 -8.646190332676492e+08  0.000000000000000e+00
 0.000000000000000e+00  0.000000000000000e+00 -5.830037313812015e+08 -8.646190332676492e+08  2.247859520635256e+10  0.000000000000000e+00
 1.605375981050071e+08  5.502701546182249e+07  0.000000000000000e+00  0.000000000000000e+00  0.000000000000000e+00  1.520698524725938e+09

 6.335201925725432e+02  2.977482419188846e-31  0.000000000000000e+00  0.000000000000000e+00  0.000000000000000e+00 -3.243225166685793e+02
 2.977482419188846e-31  6.335201925725432e+02  0.000000000000000e+00  0.000000000000000e+00  0.000000000000000e+00  1.818076942026121e+01
 0.000000000000000e+00  0.000000000000000e+00  6.335201925725432e+02  3.243225166685793e+02 -1.818076942026121e+01  0.000000000000000e+00
 0.000000000000000e+00  0.000000000000000e+00  3.243225166685793e+02  2.332328052355244e+03 -5.615186152852772e+01  0.000000000000000e+00
 0.000000000000000e+00  0.000000000000000e+00 -1.818076942026121e+01 -5.615186152852772e+01  3.721637473370214e+02  0.000000000000000e+00
-3.243225166685793e+02  1.818076942026121e+01  0.000000000000000e+00  0.000000000000000e+00  0.000000000000000e+00  2.704491799692266e+03

 3.500000000000000e-01
 3.314641423774152e+08  8.052346509157850e+06  0.000000000000000e+00  0.000000000000000e+00  0.000000000000000e+00  1.517328148874442e+08
 8.052346509157850e+06  6.246695347318468e+08  0.000000000000000e+00  0.000000000000000e+00  0.000000000000000e+00  4.636110591110349e+07
 0.000000000000000e+00  0.000000000000000e+00  2.535694150437440e+10 -4.027317706983403e+09 -4.225380375868207e+08  0.000000000000000e+00
 0.000000000000000e+00  0.000000000000000e+00 -4.027317706983403e+09  3.629315491834868e+10 -4.784695282748060e+08  0.000000000000000e+00
 0.000000000000000e+00  0.000000000000000e+00 -4.225380375868207e+08 -4.784695282748060e+08  1.915037288716221e+10  0.000000000000000e+00
 1.517328148874442e+08  4.636110591110349e+07  0.000000000000000e+00  0.000000000000000e+00  0.000000000000000e+00  1.280766733476966e+09

 5.975417747498146e+02 -3.566579137358590e-31  0.000000000000000e+00  0.000000000000000e+00  0.000000000000000e+00 -2.500224889062924e+02
-3.566579137358590e-31  5.975417747498146e+02  0.000000000000000e+00  0.000000000000000e+00  0.000000000000000e+00  1.470591347677553e+01
 0.000000000000000e+00  0.000000000000000e+00  5.975417747498146e+02  2.500224889062924e+02 -1.470591347677553e+01  0.000000000000000e+00
 0.000000000000000e+00  0.000000000000000e+00  2.500224889062924e+02  1.893715240698106e+03 -4.342265623933005e+01  0.000000000000000e+00
 0.000000000000000e+00  0.000000000000000e+00 -1.470591347677553e+01 -4.342265623933005e+01  3.110131137858992e+02  0.000000000000000e+00
-2.500224889062924e+02  1.470591347677553e+01  0.000000000000000e+00  0.000000000000000e+00  0.000000000000000e+00  2.204728354484006e+03

 3.875000000000000e-01
 3.002648619932268e+08  5.020707838596614e+06  0.000000000000000e+00  0.000000000000000e+00  0.000000000000000e+00  1.435303009356260e+08
 5.020707838596614e+06  6.024696498194163e+08  0.000000000000000e+00  0.000000000000000e+00  0.000000000000000e+00  3.808147786747659e+07
 0.000000000000000e+00  0.000000000000000e+00  2.459694712009524e+10 -5.047931145676283e+09 -2.700692042597182e+08  0.000000000000000e+00
 0.000000000000000e+00  0.000000000000000e+00 -5.047931145676283e+09  2.965969488947564e+10 -2.058479888028048e+08  0.000000000000000e+00
 0.000000000000000e+00  0.000000000000000e+00 -2.700692042597182e+08 -2.058479888028048e+08  1.580146962842471e+10  0.000000000000000e+00
 1.435303009356260e+08  3.808147786747659e+07  0.000000000000000e+00  0.000000000000000e+00  0.000000000000000e+00  1.053810459819681e+09

 5.595768845379723e+02  5.670551696028763e-31  0.000000000000000e+00  0.000000000000000e+00  0.000000000000000e+00 -1.770182922871420e+02
 5.670551696028763e-31  5.595768845379723e+02  0.000000000000000e+00  0.000000000000000e+00  0.000000000000000e+00  1.131114978954356e+01
 0.000000000000000e+00  0.000000000000000e+00  5.595768845379723e+02  1.770182922871420e+02 -1.131114978954356e+01  0.000000000000000e+00
 0.000000000000000e+00  0.000000000000000e+00  1.770182922871420e+02  1.493260772940548e+03 -3.251726559943299e+01  0.000000000000000e+00
 0.000000000000000e+00  0.000000000000000e+00 -1.131114978954356e+01 -3.251726559943299e+01  2.517358751059993e+02  0.000000000000000e+00
-1.770182922871420e+02  1.131114978954356e+01  0.000000000000000e+00  0.000000000000000e+00  0.000000000000000e+00  1.744996648046547e+03

 4.250000000000000e-01
 2.694028651656592e+08  2.539178352394636e+06  0.000000000000000e+00  0.000000000000000e+00  0.000000000000000e+00  1.345101478405536e+08
 2.539178352394636e+06  5.817512014608206e+08  0.000000000000000e+00  0.000000000000000e+00  0.000000000000000e+00  3.260975780946202e+07
 0.000000000000000e+00  0.000000000000000e+00  2.364101219556849e+10 -5.864138025511242e+09 -2.278889258896484e+08  0.000000000000000e+00
 0.000000000000000e+00  0.000000000000000e+00 -5.864138025511242e+09  2.395042729960634e+10  8.349545920387629e+06  0.000000000000000e+00
 0.000000000000000e+00  0.000000000000000e+00 -2.278889258896484e+08  8.349545920387629e+06  1.270034727169158e+10  0.000000000000000e+00
 1.345101478405536e+08  3.260975780946202e+07  0.000000000000000e+00  0.000000000000000e+00  0.000000000000000e+00  8.515976091193181e+08

 5.199084928883283e+02 -1.162251632117992e-30  0.000000000000000e+00  0.000000000000000e+00  0.000000000000000e+00 -1.126742445699073e+02
-1.162251632117992e-30  5.199084928883283e+02  0.000000000000000e+00  0.000000000000000e+00  0.000000000000000e+00  9.914623248354406e+00
 0.000000000000000e+00  0.000000000000000e+00  5.199084928883283e+02  1.126742445699073e+02 -9.914623248354406e+00  0.000000000000000e+00
 0.000000000000000e+00  0.000000000000000e+00  1.126742445699073e+02  1.152568579274374e+03 -2.328132900233428e+01  0.000000000000000e+00
 0.000000000000000e+00  0.000000000000000e+00 -9.914623248354406e+00 -2.328132900233428e+01  1.988129120297551e+02  0.000000000000000e+00
-1.126742445699073e+02  9.914623248354406e+00  0.000000000000000e+00  0.000000000000000e+00  0.000000000000000e+00  1.351381491304129e+03

 4.625000000000000e-01
 2.382815116340391e+08  7.004839034285148e+05  0.000000000000000e+00  0.000000000000000e+00  0.000000000000000e+00  1.239680569365382e+08
 7.004839034285148e+05  5.611220140653489e+08  0.000000000000000e+00  0.000000000000000e+00  0.000000000000000e+00  2.768823297770172e+07
 0.000000000000000e+00  0.000000000000000e+00  2.251754407061736e+10 -6.443623047384907e+09 -2.458380928049248e+08  0.000000000000000e+00
 0.000000000000000e+00  0.000000000000000e+00 -6.443623047384907e+09  1.921713118991996e+10  1.680222300843500e+08  0.000000000000000e+00
 0.000000000000000e+00  0.000000000000000e+00 -2.458380928049248e+08  1.680222300843500e+08  9.856082403641336e+09  0.000000000000000e+00
 1.239680569365382e+08  2.768823297770172e+07  0.000000000000000e+00  0.000000000000000e+00  0.000000000000000e+00  6.707701133628521e+08

 4.790767653567574e+02 -1.580432067489085e-30  0.000000000000000e+00  0.000000000000000e+00  0.000000000000000e+00 -5.972788103953642e+01
-1.580432067489085e-30  4.790767653567574e+02  0.000000000000000e+00  0.000000000000000e+00  0.000000000000000e+00  9.544042343814684e+00
 0.000000000000000e+00  0.000000000000000e+00  4.790767653567574e+02  5.972788103953642e+01 -9.544042343814684e+00  0.000000000000000e+00
 0.000000000000000e+00  0.000000000000000e+00  5.972788103953642e+01  8.745599656913428e+02 -1.563951275119956e+01  0.000000000000000e+00
 0.000000000000000e+00  0.000000000000000e+00 -9.544042343814684e+00 -1.563951275119956e+01  1.518156761021578e+02  0.000000000000000e+00
-5.972788103953642e+01  9.544042343814684e+00  0.000000000000000e+00  0.000000000000000e+00  0.000000000000000e+00  1.026375641793501e+03

 5.000000000000000e-01
 2.089758635927104e+08 -7.747354389476033e+05  0.000000000000000e+00  0.000000000000000e+00  0.000000000000000e+00  1.124810822911712e+08
-7.747354389476033e+05  5.489436407010487e+08  0.000000000000000e+00  0.000000000000000e+00  0.000000000000000e+00  2.518616209783360e+07
 0.000000000000000e+00  0.000000000000000e+00  2.131394576150736e+10 -6.778997183500296e+09 -2.823901421767709e+08  0.000000000000000e+00
 0.000000000000000e+00  0.000000000000000e+00 -6.778997183500296e+09  1.540430550692230e+10  2.647063895429180e+08  0.000000000000000e+00
 0.000000000000000e+00  0.000000000000000e+00 -2.823901421767709e+08  2.647063895429180e+08  7.487547109088461e+09  0.000000000000000e+00
 1.124810822911712e+08  2.518616209783360e+07  0.000000000000000e+00  0.000000000000000e+00  0.000000000000000e+00  5.217426842136017e+08

 4.383621155952886e+02  1.870653578460643e-31  0.000000000000000e+00  0.000000000000000e+00  0.000000000000000e+00 -1.885313623006115e+01
 1.870653578460643e-31  4.383621155952886e+02  0.000000000000000e+00  0.000000000000000e+00  0.000000000000000e+00  8.963645083852780e+00
 0.000000000000000e+00  0.000000000000000e+00  4.383621155952886e+02  1.885313623006115e+01 -8.963645083852780e+00  0.000000000000000e+00
 0.000000000000000e+00  0.000000000000000e+00  1.885313623006115e+01  6.561153376552427e+02 -9.826737239374008e+00  0.000000000000000e+00
 0.000000000000000e+00  0.000000000000000e+00 -8.963645083852780e+00 -9.826737239374008e+00  1.134757324242637e+02  0.000000000000000e+00
-1.885313623006115e+01  8.963645083852780e+00  0.000000000000000e+00  0.000000000000000e+00  0.000000000000000e+00  7.695910700795064e+02

 5.375000000000000e-01
 1.794433576598113e+08 -1.763562588647094e+06  0.000000000000000e+00  0.000000000000000e+00  0.000000000000000e+00  1.076520121748817e+08
-1.763562588647094e+06  5.292084892486097e+08  0.000000000000000e+00  0.000000000000000e+00  0.000000000000000e+00  2.142655395592011e+07
 0.000000000000000e+00  0.000000000000000e+00  2.003117141778982e+10 -6.653602715624031e+09 -2.750419586405544e+08  0.000000000000000e+00
 0.000000000000000e+00  0.000000000000000e+00 -6.653602715624031e+09  1.298453143347717e+10  2.990291618511702e+08  0.000000000000000e+00
 0.000000000000000e+00  0.000000000000000e+00 -2.750419586405544e+08  2.990291618511702e+08  5.580852120337191e+09  0.000000000000000e+00
 1.076520121748817e+08  2.142655395592011e+07  0.000000000000000e+00  0.000000000000000e+00  0.000000000000000e+00  3.943669116908645e+08

 4.027342431272536e+02 -9.761702402069444e-31  0.000000000000000e+00  0.000000000000000e+00  0.000000000000000e+00  3.616528687546986e+00
-9.761702402069444e-31  4.027342431272536e+02  0.000000000000000e+00  0.000000000000000e+00  0.000000000000000e+00  8.600566523674456e+00
 0.000000000000000e+00  0.000000000000000e+00  4.027342431272536e+02 -3.616528687546986e+00 -8.600566523674456e+00  0.000000000000000e+00
 0.000000000000000e+00  0.000000000000000e+00 -3.616528687546986e+00  5.113868391421170e+02 -5.958026526031798e+00  0.000000000000000e+00
 0.000000000000000e+00  0.000000000000000e+00 -8.600566523674456e+00 -5.958026526031798e+00  8.372094771660785e+01  0.000000000000000e+00
 3.616528687546986e+00  8.600566523674456e+00  0.000000000000000e+00  0.000000000000000e+00  0.000000000000000e+00  5.951077868587248e+02

 5.750000000000000e-01
 1.593377578275991e+08 -3.054629263537639e+06  0.000000000000000e+00  0.000000000000000e+00  0.000000000000000e+00  9.423173733384764e+07
-3.054629263537639e+06  5.089655465740187e+08  0.000000000000000e+00  0.000000000000000e+00  0.000000000000000e+00  1.954109765237185e+07
 0.000000000000000e+00  0.000000000000000e+00  1.872132382081103e+10 -6.356137199311793e+09 -3.057648057034016e+08  0.000000000000000e+00
 0.000000000000000e+00  0.000000000000000e+00 -6.356137199311793e+09  1.096674650305600e+10  3.118957246487291e+08  0.000000000000000e+00
 0.000000000000000e+00  0.000000000000000e+00 -3.057648057034016e+08  3.118957246487291e+08  4.156246027385382e+09  0.000000000000000e+00
 9.423173733384764e+07  1.954109765237185e+07  0.000000000000000e+00  0.000000000000000e+00  0.000000000000000e+00  3.115797732026608e+08

 3.707445986711525e+02  1.127844906675447e-30  0.000000000000000e+00  0.000000000000000e+00  0.000000000000000e+00  1.475674499514579e+01
 1.127844906675447e-30  3.707445986711525e+02  0.000000000000000e+00  0.000000000000000e+00  0.000000000000000e+00  8.650135224450226e+00
 0.000000000000000e+00  0.000000000000000e+00  3.707445986711525e+02 -1.475674499514579e+01 -8.650135224450226e+00  0.000000000000000e+00
 0.000000000000000e+00  0.000000000000000e+00 -1.475674499514579e+01  4.043152728015969e+02 -3.526531613734658e+00  0.000000000000000e+00
 0.000000000000000e+00  0.000000000000000e+00 -8.650135224450226e+00 -3.526531613734658e+00  6.178978528314183e+01  0.000000000000000e+00
 1.475674499514579e+01  8.650135224450226e+00  0.000000000000000e+00  0.000000000000000e+00  0.000000000000000e+00  4.661050580847387e+02

 6.125000000000000e-01
 1.420361447232629e+08 -3.887053698017509e+06  0.000000000000000e+00  0.000000000000000e+00  0.000000000000000e+00  8.232728231773409e+07
-3.887053698017509e+06  4.884883443143963e+08  0.000000000000000e+00  0.000000000000000e+00  0.000000000000000e+00  1.724603422393495e+07
 0.000000000000000e+00  0.000000000000000e+00  1.733614935332616e+10 -5.907819893905853e+09 -3.023462771494591e+08  0.000000000000000e+00
 0.000000000000000e+00  0.000000000000000e+00 -5.907819893905853e+09  9.230138597592720e+09  2.928620251526076e+08  0.000000000000000e+00
 0.000000000000000e+00  0.000000000000000e+00 -3.023462771494591e+08  2.928620251526076e+08  3.083568620823140e+09  0.000000000000000e+00
 8.232728231773409e+07  1.724603422393495e+07  0.000000000000000e+00  0.000000000000000e+00  0.000000000000000e+00  2.475160175428401e+08

 3.396712482196729e+02  4.384088399643760e-31  0.000000000000000e+00  0.000000000000000e+00  0.000000000000000e+00  2.021573897376211e+01
 4.384088399643760e-31  3.396712482196729e+02  0.000000000000000e+00  0.000000000000000e+00  0.000000000000000e+00  8.175164167400657e+00
 0.000000000000000e+00  0.000000000000000e+00  3.396712482196729e+02 -2.021573897376211e+01 -8.175164167400657e+00  0.000000000000000e+00
 0.000000000000000e+00  0.000000000000000e+00 -2.021573897376211e+01  3.200870686507664e+02 -2.052027302366015e+00  0.000000000000000e+00
 0.000000000000000e+00  0.000000000000000e+00 -8.175164167400657e+00 -2.052027302366015e+00  4.556293555852163e+01  0.000000000000000e+00
 2.021573897376211e+01  8.175164167400657e+00  0.000000000000000e+00  0.000000000000000e+00  0.000000000000000e+00  3.656500042092881e+02

 6.500000000000000e-01
 1.272650545832044e+08 -4.260226170218491e+06  0.000000000000000e+00  0.000000000000000e+00  0.000000000000000e+00  7.166969984556842e+07
-4.260226170218491e+06  4.689108577660844e+08  0.000000000000000e+00  0.000000000000000e+00  0.000000000000000e+00  1.476191028003906e+07
 0.000000000000000e+00  0.000000000000000e+00  1.588360434459473e+10 -5.332892741301226e+09 -2.741115665491523e+08  0.000000000000000e+00
 0.000000000000000e+00  0.000000000000000e+00 -5.332892741301226e+09  7.687671194178162e+09  2.539141270792284e+08  0.000000000000000e+00
 0.000000000000000e+00  0.000000000000000e+00 -2.741115665491523e+08  2.539141270792284e+08  2.283906796192044e+09  0.000000000000000e+00
 7.166969984556842e+07  1.476191028003906e+07  0.000000000000000e+00  0.000000000000000e+00  0.000000000000000e+00  1.977461275792467e+08

 3.094033728614511e+02  1.450822885668938e-30  0.000000000000000e+00  0.000000000000000e+00  0.000000000000000e+00  2.152702082570699e+01
 1.450822885668938e-30  3.094033728614511e+02  0.000000000000000e+00  0.000000000000000e+00  0.000000000000000e+00  7.362775468570896e+00
 0.000000000000000e+00  0.000000000000000e+00  3.094033728614511e+02 -2.152702082570699e+01 -7.362775468570896e+00  0.000000000000000e+00
 0.000000000000000e+00  0.000000000000000e+00 -2.152702082570699e+01  2.526516311006393e+02 -1.265707459015096e+00  0.000000000000000e+00
 0.000000000000000e+00  0.000000000000000e+00 -7.362775468570896e+00 -1.265707459015096e+00  3.365846705741981e+01  0.000000000000000e+00
 2.152702082570699e+01  7.362775468570896e+00  0.000000000000000e+00  0.000000000000000e+00  0.000000000000000e+00  2.863100981580591e+02

 6.875000000000000e-01
 1.134998759735754e+08 -4.239419723381427e+06  0.000000000000000e+00  0.000000000000000e+00  0.000000000000000e+00  6.150399824718508e+07
-4.239419723381427e+06  4.488957413375856e+08  0.000000000000000e+00  0.000000000000000e+00  0.000000000000000e+00  1.254266985753840e+07
 0.000000000000000e+00  0.000000000000000e+00  1.435814786748446e+10 -4.661729080134335e+09 -2.438852871537721e+08  0.000000000000000e+00
 0.000000000000000e+00  0.000000000000000e+00 -4.661729080134335e+09  6.280224805669356e+09  2.077183480504311e+08  0.000000000000000e+00
 0.000000000000000e+00  0.000000000000000e+00 -2.438852871537721e+08  2.077183480504311e+08  1.660602862615793e+09  0.000000000000000e+00
 6.150399824718508e+07  1.254266985753840e+07  0.000000000000000e+00  0.000000000000000e+00  0.000000000000000e+00  1.563715396104927e+08

 2.792418250315557e+02  9.052044212261974e-31  0.000000000000000e+00  0.000000000000000e+00  0.000000000000000e+00  2.018955671260889e+01
 9.052044212261974e-31  2.792418250315557e+02  0.000000000000000e+00  0.000000000000000e+00  0.000000000000000e+00  6.559456119717999e+00
 0.000000000000000e+00  0.000000000000000e+00  2.792418250315557e+02 -2.018955671260889e+01 -6.559456119717999e+00  0.000000000000000e+00
 0.000000000000000e+00  0.000000000000000e+00 -2.018955671260889e+01  1.971881102215134e+02 -8.650081456128359e-01  0.000000000000000e+00
 0.000000000000000e+00  0.000000000000000e+00 -6.559456119717999e+00 -8.650081456128359e-01  2.450633135560955e+01  0.000000000000000e+00
 2.018955671260889e+01  6.559456119717999e+00  0.000000000000000e+00  0.000000000000000e+00  0.000000000000000e+00  2.216944415771229e+02

 7.250000000000001e-01
 1.012559776706882e+08 -4.016828906800077e+06  0.000000000000000e+00  0.000000000000000e+00  0.000000000000000e+00  5.219079620153476e+07
-4.016828906800077e+06  4.271663431916358e+08  0.000000000000000e+00  0.000000000000000e+00  0.000000000000000e+00  1.066641296802757e+07
 0.000000000000000e+00  0.000000000000000e+00  1.274481889373384e+10 -3.914947226468134e+09 -2.073792260739740e+08  0.000000000000000e+00
 0.000000000000000e+00  0.000000000000000e+00 -3.914947226468134e+09  5.007771295415791e+09  1.614436686401665e+08  0.000000000000000e+00
 0.000000000000000e+00  0.000000000000000e+00 -2.073792260739740e+08  1.614436686401665e+08  1.194282430768960e+09  0.000000000000000e+00
 5.219079620153476e+07  1.066641296802757e+07  0.000000000000000e+00  0.000000000000000e+00  0.000000000000000e+00  1.231740696536706e+08

 2.489617054421954e+02  7.189780238983136e-31  0.000000000000000e+00  0.000000000000000e+00  0.000000000000000e+00  1.685714485498588e+01
 7.189780238983136e-31  2.489617054421954e+02  0.000000000000000e+00  0.000000000000000e+00  0.000000000000000e+00  5.667037918958798e+00
 0.000000000000000e+00  0.000000000000000e+00  2.489617054421954e+02 -1.685714485498588e+01 -5.667037918958798e+00  0.000000000000000e+00
 0.000000000000000e+00  0.000000000000000e+00 -1.685714485498588e+01  1.524352738554649e+02 -6.643601168101748e-01  0.000000000000000e+00
 0.000000000000000e+00  0.000000000000000e+00 -5.667037918958798e+00 -6.643601168101748e-01  1.774445619464345e+01  0.000000000000000e+00
 1.685714485498588e+01  5.667037918958798e+00  0.000000000000000e+00  0.000000000000000e+00  0.000000000000000e+00  1.701797300501084e+02

 7.625000000000001e-01
 9.240051989169930e+07 -3.641896241899707e+06  0.000000000000000e+00  0.000000000000000e+00  0.000000000000000e+00  4.496183095011863e+07
-3.641896241899707e+06  4.085013779704604e+08  0.000000000000000e+00  0.000000000000000e+00  0.000000000000000e+00  8.816644825924234e+06
 0.000000000000000e+00  0.000000000000000e+00  1.105704943094221e+10 -3.155997771807937e+09 -1.574387222707870e+08  0.000000000000000e+00
 0.000000000000000e+00  0.000000000000000e+00 -3.155997771807937e+09  3.860781021969968e+09  1.203141648592940e+08  0.000000000000000e+00
 0.000000000000000e+00  0.000000000000000e+00 -1.574387222707870e+08  1.203141648592940e+08  8.716968266346173e+08  0.000000000000000e+00
 4.496183095011863e+07  8.816644825924234e+06  0.000000000000000e+00  0.000000000000000e+00  0.000000000000000e+00  9.989702139025395e+07

 2.187755662623288e+02  6.630262236425863e-31  0.000000000000000e+00  0.000000000000000e+00  0.000000000000000e+00  1.355742142317342e+01
 6.630262236425863e-31  2.187755662623288e+02  0.000000000000000e+00  0.000000000000000e+00  0.000000000000000e+00  4.520453837821702e+00
 0.000000000000000e+00  0.000000000000000e+00  2.187755662623288e+02 -1.355742142317342e+01 -4.520453837821702e+00  0.000000000000000e+00
 0.000000000000000e+00  0.000000000000000e+00 -1.355742142317342e+01  1.165629969680492e+02 -5.114448508966996e-01  0.000000000000000e+00
 0.000000000000000e+00  0.000000000000000e+00 -4.520453837821702e+00 -5.114448508966996e-01  1.316259229139261e+01  0.000000000000000e+00
 1.355742142317342e+01  4.520453837821702e+00  0.000000000000000e+00  0.000000000000000e+00  0.000000000000000e+00  1.297255892594418e+02

 8.000000000000000e-01
 8.520669760533255e+07 -3.217174045006098e+06  0.000000000000000e+00  0.000000000000000e+00  0.000000000000000e+00  3.797209860294007e+07
-3.217174045006098e+06  3.860046610991374e+08  0.000000000000000e+00  0.000000000000000e+00  0.000000000000000e+00  7.097237507704374e+06
 0.000000000000000e+00  0.000000000000000e+00  9.313628862180288e+09 -2.411717700853721e+09 -1.116164630287146e+08  0.000000000000000e+00
 0.000000000000000e+00  0.000000000000000e+00 -2.411717700853721e+09  2.830156045184804e+09  8.808574955003817e+07  0.000000000000000e+00
 0.000000000000000e+00  0.000000000000000e+00 -1.116164630287146e+08  8.808574955003817e+07  6.390352949894167e+08  0.000000000000000e+00
 3.797209860294007e+07  7.097237507704374e+06  0.000000000000000e+00  0.000000000000000e+00  0.000000000000000e+00  8.092838604158223e+07

 1.877087457447663e+02  7.352149881618377e-31  0.000000000000000e+00  0.000000000000000e+00  0.000000000000000e+00  1.019647108751867e+01
 7.352149881618377e-31  1.877087457447663e+02  0.000000000000000e+00  0.000000000000000e+00  0.000000000000000e+00  3.355343852937555e+00
 0.000000000000000e+00  0.000000000000000e+00  1.877087457447663e+02 -1.019647108751867e+01 -3.355343852937555e+00  0.000000000000000e+00
 0.000000000000000e+00  0.000000000000000e+00 -1.019647108751867e+01  8.666124401008729e+01 -3.788944055784424e-01  0.000000000000000e+00
 0.000000000000000e+00  0.000000000000000e+00 -3.355343852937555e+00 -3.788944055784424e-01  9.866060180443846e+00  0.000000000000000e+00
 1.019647108751867e+01  3.355343852937555e+00  0.000000000000000e+00  0.000000000000000e+00  0.000000000000000e+00  9.652730419053114e+01

 8.375000000000000e-01
 7.561847328450167e+07 -2.732172277270899e+06  0.000000000000000e+00  0.000000000000000e+00  0.000000000000000e+00  2.928052436652857e+07
-2.732172277270899e+06  3.514338592308167e+08  0.000000000000000e+00  0.000000000000000e+00  0.000000000000000e+00  6.415375187541138e+06
 0.000000000000000e+00  0.000000000000000e+00  7.580323224522953e+09 -1.679980874435410e+09 -9.838154224521221e+07  0.000000000000000e+00
 0.000000000000000e+00  0.000000000000000e+00 -1.679980874435410e+09  1.961425375376433e+09  6.456748079473832e+07  0.000000000000000e+00
